const DOWNLIGHTS: [number, number, number][] = [
  [32.747, 9.607, 0.125],
  // [36.293, 9.607, 0.125],
  // [29.203, 9.607, 0.125],
  // [32.747, 9.607, -3.419],
  // [32.747, 9.607, 3.67],
  //
  [-27.683, 9.607, 0.125],
  // [-24.138, 9.607, 0.125],
  // [-31.228, 9.607, 0.125],
  // [-27.683, 9.607, -3.419],
  // [-27.683, 9.607, 3.67],
  //
  [3.93, 9.607, 0.125],
  // [7.474, 9.607, 0.125],
  // [0.385, 9.607, 0.125],
  // [3.93, 9.607, -3.419],
  // [3.93, 9.607, 3.67],
  //
  [3.93, 9.607, -22.248],
  // [7.474, 9.607, -22.248],
  // [0.385, 9.607, -22.248],
  // [3.93, 9.607, -25.793],
  // [3.93, 9.607, -18.703],
  //
  [3.93, 9.607, 23.767],
  // [7.474, 9.607, 23.767],
  // [0.385, 9.607, 23.767],
  // [3.93, 9.607, 20.222],
  // [3.93, 9.607, 27.312],
];

const CEILING_STUDIOS = [
  { pos: [-9.636, 9.04, 27.777], tgt: [-9.636, 4.18, 35.2] },
  { pos: [2.552, 9.04, 27.777], tgt: [2.552, 4.18, 35.2] },
  { pos: [16.953, 9.04, 27.777], tgt: [16.953, 4.18, 35.2] },
  { pos: [32.716, 9.04, 27.777], tgt: [32.716, 4.18, 35.2] },
// 
  { pos: [31.926, 9.022, -30.182], tgt: [31.926, 4.18, -35.2] },
  { pos: [16.012, 9.022, -30.182], tgt: [16.012, 4.18, -35.2] },
  { pos: [-9.295, 9.022, -30.18], tgt: [-9.295, 4.18, -35.2] },
  { pos: [2.451, 9.022, -30.182], tgt: [2.451, 4.18, -35.2] },
];

const STATUE_STUDIOS = [
  {
    target: [21.545, 0.0, -16.416],
    positions: [
      [32.835, 8.065, -22.418],
      [30.096, 8.03, -26.098],
      [27.007, 8.06, -27.969],
      [9.552, 8.065, -12.107],
      [14.225, 8.03, -5.784],
      [23.032, 8.063, -3.72],
    ],
  },
  {
    target: [22.482, 0.0, 16.619],
    positions: [
      [16.837, 8.065, 5.144],
      [13.07, 8.03, 7.766],
      [11.106, 8.063, 10.795],
      [26.413, 8.065, 28.739],
      [32.881, 8.03, 24.266],
      [35.22, 8.063, 15.53],
    ],
  },
  {
    target: [-12.731, 0.0, 15.642],
    positions: [
      [-24.186, 8.065, 21.325],
      [-21.553, 8.03, 25.08],
      [-18.52, 8.061, 27.038],
      [-0.623, 8.065, 11.675],
      [-5.113, 8.03, 5.223],
      [-13.858, 8.063, 2.908],
    ],
  },
  {
    target: [-13.996, 0.0, -17.609],
    positions: [
      [-8.56, 8.065, -6.035],
      [-4.748, 8.03, -8.587],
      [-2.726, 8.061, -11.579],
      [-17.706, 8.065, -29.799],
      [-24.253, 8.03, -25.445],
      [-26.75, 8.063, -16.753],
    ],
  },
];